geometry_id,volume_id,layer_id,module_id,cx,cy,cz,rot_xu,rot_xv,rot_xw,rot_yu,rot_yv,rot_yw,rot_zu,rot_zv,rot_zw,module_t,module_minhu,module_maxhu,module_hv,pitch_u,pitch_v
216172919552737281,3,2,1,-31.6303253,-6.29166269,-455,0.330043375,0,-0.943965733,-0.943965733,0,-0.330043375,0,1,0,0.150000006,-1,-1,-1,-0.0562499985,-1
216172919552737282,3,2,2,-26.8148956,-17.917141,-455,0.666160405,0,-0.745808482,-0.745808482,0,-0.666160405,0,1,0,0.150000006,-1,-1,-1,-0.0562499985,-1
216172919552737283,3,2,3,-17.917141,-26.8148956,-455,0.900860488,0,-0.434108675,-0.434108675,0,-0.900860488,0,1,0,0.150000006,-1,-1,-1,-0.0562499985,-1
216172919552737284,3,2,4,-6.29166269,-31.6303253,-455,0.998412788,0,-0.0563197248,-0.0563197248,0,-0.998412788,0,1,0,0.150000006,-1,-1,-1,-0.0562499985,-1
216172919552737285,3,2,5,6.29166269,-31.6303253,-455,0.943965733,0,0.330043375,0.330043375,0,-0.943965733,0,1,0,0.150000006,-1,-1,-1,-0.0562499985,-1
216172919552737286,3,2,6,17.917141,-26.8148956,-455,0.745808482,0,0.666160405,0.666160405,0,-0.745808482,0,1,0,0.150000006,-1,-1,-1,-0.0562499985,-1
216172919552737287,3,2,7,26.8148956,-17.917141,-455,0.434108675,0,0.900860488,0.900860488,0,-0.434108675,0,1,0,0.150000006,-1,-1,-1,-0.0562499985,-1
216172919552737288,3,2,8,31.6303253,-6.29166269,-455,0.0563197248,0,0.998412788,0.998412788,0,-0.0563197248,0,1,0,0.150000006,-1,-1,-1,-0.0562499985,-1
216172919552737289,3,2,9,31.6303253,6.29166269,-455,-0.330043375,0,0.943965733,0.943965733,0,0.330043375,0,1,0,0.150000006,-1,-1,-1,-0.0562499985,-1
216172919552737290,3,2,10,26.8148956,17.917141,-455,-0.666160405,0,0.745808482,0.745808482,0,0.666160405,0,1,0,0.150000006,-1,-1,-1,-0.0562499985,-1
216172919552737291,3,2,11,17.917141,26.8148956,-455,-0.900860488,0,0.434108675,0.434108675,0,0.900860488,0,1,0,0.150000006,-1,-1,-1,-0.0562499985,-1
216172919552737292,3,2,12,6.29166269,31.6303253,-455,-0.998412788,0,0.0563197248,0.0563197248,0,0.998412788,0,1,0,0.150000006,-1,-1,-1,-0.0562499985,-1
216172919552737293,3,2,13,-6.29166269,31.6303253,-455,-0.943965733,0,-0.330043375,-0.330043375,0,0.943965733,0,1,0,0.150000006,-1,-1,-1,-0.0562499985,-1
216172919552737294,3,2,14,-17.917141,26.8148956,-455,-0.745808482,0,-0.666160405,-0.666160405,0,0.745808482,0,1,0,0.150000006,-1,-1,-1,-0.0562499985,-1
216172919552737295,3,2,15,-26.8148956,17.917141,-455,-0.434108675,0,-0.900860488,-0.900860488,0,0.434108675,0,1,0,0.150000006,-1,-1,-1,-0.0562499985,-1
216172919552737296,3,2,16,-31.6303253,6.29166269,-455,-0.0563197248,0,-0.998412788,-0.998412788,0,0.0563197248,0,1,0,0.150000006,-1,-1,-1,-0.0562499985,-1
216172919552737297,3,2,17,-31.1399326,-6.19411755,-385,0.330043375,0,-0.943965733,-0.943965733,0,-0.330043375,0,1,0,0.150000006,-1,-1,-1,-0.0562499985,-1
216172919552737298,3,2,18,-26.3991604,-17.6393547,-385,0.666160405,0,-0.745808482,-0.745808482,0,-0.666160405,0,1,0,0.150000006,-1,-1,-1,-0.0562499985,-1
216172919552737299,3,2,19,-17.6393547,-26.3991604,-385,0.900860488,0,-0.434108675,-0.434108675,0,-0.900860488,0,1,0,0.150000006,-1,-1,-1,-0.0562499985,-1
216172919552737300,3,2,20,-6.19411755,-31.1399326,-385,0.998412788,0,-0.0563197248,-0.0563197248,0,-0.998412788,0,1,0,0.150000006,-1,-1,-1,-0.0562499985,-1
216172919552737301,3,2,21,6.19411755,-31.1399326,-385,0.943965733,0,0.330043375,0.330043375,0,-0.943965733,0,1,0,0.150000006,-1,-1,-1,-0.0562499985,-1
216172919552737302,3,2,22,17.6393547,-26.3991604,-385,0.745808482,0,0.666160405,0.666160405,0,-0.745808482,0,1,0,0.150000006,-1,-1,-1,-0.0562499985,-1
216172919552737303,3,2,23,26.3991604,-17.6393547,-385,0.434108675,0,0.900860488,0.900860488,0,-0.434108675,0,1,0,0.150000006,-1,-1,-1,-0.0562499985,-1
216172919552737304,3,2,24,31.1399326,-6.19411755,-385,0.0563197248,0,0.998412788,0.998412788,0,-0.0563197248,0,1,0,0.150000006,-1,-1,-1,-0.0562499985,-1
216172919552737305,3,2,25,31.1399326,6.19411755,-385,-0.330043375,0,0.943965733,0.943965733,0,0.330043375,0,1,0,0.150000006,-1,-1,-1,-0.0562499985,-1
216172919552737306,3,2,26,26.3991604,17.6393547,-385,-0.666160405,0,0.745808482,0.745808482,0,0.666160405,0,1,0,0.150000006,-1,-1,-1,-0.0562499985,-1
216172919552737307,3,2,27,17.6393547,26.3991604,-385,-0.900860488,0,0.434108675,0.434108675,0,0.900860488,0,1,0,0.150000006,-1,-1,-1,-0.0562499985,-1
216172919552737308,3,2,28,6.19411755,31.1399326,-385,-0.998412788,0,0.0563197248,0.0563197248,0,0.998412788,0,1,0,0.150000006,-1,-1,-1,-0.0562499985,-1
216172919552737309,3,2,29,-6.19411755,31.1399326,-385,-0.943965733,0,-0.330043375,-0.330043375,0,0.943965733,0,1,0,0.150000006,-1,-1,-1,-0.0562499985,-1
216172919552737310,3,2,30,-17.6393547,26.3991604,-385,-0.745808482,0,-0.666160405,-0.666160405,0,0.745808482,0,1,0,0.150000006,-1,-1,-1,-0.0562499985,-1
216172919552737311,3,2,31,-26.3991604,17.6393547,-385,-0.434108675,0,-0.900860488,-0.900860488,0,0.434108675,0,1,0,0.150000006,-1,-1,-1,-0.0562499985,-1
216172919552737312,3,2,32,-31.1399326,6.19411755,-385,-0.0563197248,0,-0.998412788,-0.998412788,0,0.0563197248,0,1,0,0.150000006,-1,-1,-1,-0.0562499985,-1
216172919552737313,3,2,33,-31.6303253,-6.29166269,-315,0.330043375,0,-0.943965733,-0.943965733,0,-0.330043375,0,1,0,0.150000006,-1,-1,-1,-0.0562499985,-1
216172919552737314,3,2,34,-26.8148956,-17.917141,-315,0.666160405,0,-0.745808482,-0.745808482,0,-0.666160405,0,1,0,0.150000006,-1,-1,-1,-0.0562499985,-1
216172919552737315,3,2,35,-17.917141,-26.8148956,-315,0.900860488,0,-0.434108675,-0.434108675,0,-0.900860488,0,1,0,0.150000006,-1,-1,-1,-0.0562499985,-1
216172919552737316,3,2,36,-6.29166269,-31.6303253,-315,0.998412788,0,-0.0563197248,-0.0563197248,0,-0.998412788,0,1,0,0.150000006,-1,-1,-1,-0.0562499985,-1
216172919552737317,3,2,37,6.29166269,-31.6303253,-315,0.943965733,0,0.330043375,0.330043375,0,-0.943965733,0,1,0,0.150000006,-1,-1,-1,-0.0562499985,-1
216172919552737318,3,2,38,17.917141,-26.8148956,-315,0.745808482,0,0.666160405,0.666160405,0,-0.745808482,0,1,0,0.150000006,-1,-1,-1,-0.0562499985,-1
216172919552737319,3,2,39,26.8148956,-17.917141,-315,0.434108675,0,0.900860488,0.900860488,0,-0.434108675,0,1,0,0.150000006,-1,-1,-1,-0.0562499985,-1
216172919552737320,3,2,40,31.6303253,-6.29166269,-315,0.0563197248,0,0.998412788,0.998412788,0,-0.0563197248,0,1,0,0.150000006,-1,-1,-1,-0.0562499985,-1
216172919552737321,3,2,41,31.6303253,6.29166269,-315,-0.330043375,0,0.943965733,0.943965733,0,0.330043375,0,1,0,0.150000006,-1,-1,-1,-0.0562499985,-1
216172919552737322,3,2,42,26.8148956,17.917141,-315,-0.666160405,0,0.745808482,0.745808482,0,0.666160405,0,1,0,0.150000006,-1,-1,-1,-0.0562499985,-1
216172919552737323,3,2,43,17.917141,26.8148956,-315,-0.900860488,0,0.434108675,0.434108675,0,0.900860488,0,1,0,0.150000006,-1,-1,-1,-0.0562499985,-1
216172919552737324,3,2,44,6.29166269,31.6303253,-315,-0.998412788,0,0.0563197248,0.0563197248,0,0.998412788,0,1,0,0.150000006,-1,-1,-1,-0.0562499985,-1
216172919552737325,3,2,45,-6.29166269,31.6303253,-315,-0.943965733,0,-0.330043375,-0.330043375,0,0.943965733,0,1,0,0.150000006,-1,-1,-1,-0.0562499985,-1
216172919552737326,3,2,46,-17.917141,26.8148956,-315,-0.745808482,0,-0.666160405,-0.666160405,0,0.745808482,0,1,0,0.150000006,-1,-1,-1,-0.0562499985,-1
216172919552737327,3,2,47,-26.8148956,17.917141,-315,-0.434108675,0,-0.900860488,-0.900860488,0,0.434108675,0,1,0,0.150000006,-1,-1,-1,-0.0562499985,-1
216172919552737328,3,2,48,-31.6303253,6.29166269,-315,-0.0563197248,0,-0.998412788,-0.998412788,0,0.0563197248,0,1,0,0.150000006,-1,-1,-1,-0.0562499985,-1
216172919552737329,3,2,49,-31.1399326,-6.19411755,-245,0.330043375,0,-0.943965733,-0.943965733,0,-0.330043375,0,1,0,0.150000006,-1,-1,-1,-0.0562499985,-1
216172919552737330,3,2,50,-26.3991604,-17.6393547,-245,0.666160405,0,-0.745808482,-0.745808482,0,-0.666160405,0,1,0,0.150000006,-1,-1,-1,-0.0562499985,-1
216172919552737331,3,2,51,-17.6393547,-26.3991604,-245,0.900860488,0,-0.434108675,-0.434108675,0,-0.900860488,0,1,0,0.150000006,-1,-1,-1,-0.0562499985,-1
216172919552737332,3,2,52,-6.19411755,-31.1399326,-245,0.998412788,0,-0.0563197248,-0.0563197248,0,-0.998412788,0,1,0,0.150000006,-1,-1,-1,-0.0562499985,-1
216172919552737333,3,2,53,6.19411755,-31.1399326,-245,0.943965733,0,0.330043375,0.330043375,0,-0.943965733,0,1,0,0.150000006,-1,-1,-1,-0.0562499985,-1
216172919552737334,3,2,54,17.6393547,-26.3991604,-245,0.745808482,0,0.666160405,0.666160405,0,-0.745808482,0,1,0,0.150000006,-1,-1,-1,-0.0562499985,-1
216172919552737335,3,2,55,26.3991604,-17.6393547,-245,0.434108675,0,0.900860488,0.900860488,0,-0.434108675,0,1,0,0.150000006,-1,-1,-1,-0.0562499985,-1
216172919552737336,3,2,56,31.1399326,-6.19411755,-245,0.0563197248,0,0.998412788,0.998412788,0,-0.0563197248,0,1,0,0.150000006,-1,-1,-1,-0.0562499985,-1
216172919552737337,3,2,57,31.1399326,6.19411755,-245,-0.330043375,0,0.943965733,0.943965733,0,0.330043375,0,1,0,0.150000006,-1,-1,-1,-0.0562499985,-1
216172919552737338,3,2,58,26.3991604,17.6393547,-245,-0.666160405,0,0.745808482,0.745808482,0,0.666160405,0,1,0,0.150000006,-1,-1,-1,-0.0562499985,-1
216172919552737339,3,2,59,17.6393547,26.3991604,-245,-0.900860488,0,0.434108675,0.434108675,0,0.900860488,0,1,0,0.150000006,-1,-1,-1,-0.0562499985,-1
216172919552737340,3,2,60,6.19411755,31.1399326,-245,-0.998412788,0,0.0563197248,0.0563197248,0,0.998412788,0,1,0,0.150000006,-1,-1,-1,-0.0562499985,-1
216172919552737341,3,2,61,-6.19411755,31.1399326,-245,-0.943965733,0,-0.330043375,-0.330043375,0,0.943965733,0,1,0,0.150000006,-1,-1,-1,-0.0562499985,-1
216172919552737342,3,2,62,-17.6393547,26.3991604,-245,-0.745808482,0,-0.666160405,-0.666160405,0,0.745808482,0,1,0,0.150000006,-1,-1,-1,-0.0562499985,-1
216172919552737343,3,2,63,-26.3991604,17.6393547,-245,-0.434108675,0,-0.900860488,-0.900860488,0,0.434108675,0,1,0,0.150000006,-1,-1,-1,-0.0562499985,-1
216172919552737344,3,2,64,-31.1399326,6.19411755,-245,-0.0563197248,0,-0.998412788,-0.998412788,0,0.0563197248,0,1,0,0.150000006,-1,-1,-1,-0.0562499985,-1
216172919552737345,3,2,65,-31.6303253,-6.29166269,-175,0.330043375,0,-0.943965733,-0.943965733,0,-0.330043375,0,1,0,0.150000006,-1,-1,-1,-0.0562499985,-1
216172919552737346,3,2,66,-26.8148956,-17.917141,-175,0.666160405,0,-0.745808482,-0.745808482,0,-0.666160405,0,1,0,0.150000006,-1,-1,-1,-0.0562499985,-1
216172919552737347,3,2,67,-17.917141,-26.8148956,-175,0.900860488,0,-0.434108675,-0.434108675,0,-0.900860488,0,1,0,0.150000006,-1,-1,-1,-0.0562499985,-1
216172919552737348,3,2,68,-6.29166269,-31.6303253,-175,0.998412788,0,-0.0563197248,-0.0563197248,0,-0.998412788,0,1,0,0.150000006,-1,-1,-1,-0.0562499985,-1
216172919552737349,3,2,69,6.29166269,-31.6303253,-175,0.943965733,0,0.330043375,0.330043375,0,-0.943965733,0,1,0,0.150000006,-1,-1,-1,-0.0562499985,-1
216172919552737350,3,2,70,17.917141,-26.8148956,-175,0.745808482,0,0.666160405,0.666160405,0,-0.745808482,0,1,0,0.150000006,-1,-1,-1,-0.0562499985,-1
216172919552737351,3,2,71,26.8148956,-17.917141,-175,0.434108675,0,0.900860488,0.900860488,0,-0.434108675,0,1,0,0.150000006,-1,-1,-1,-0.0562499985,-1
216172919552737352,3,2,72,31.6303253,-6.29166269,-175,0.0563197248,0,0.998412788,0.998412788,0,-0.0563197248,0,1,0,0.150000006,-1,-1,-1,-0.0562499985,-1
216172919552737353,3,2,73,31.6303253,6.29166269,-175,-0.330043375,0,0.943965733,0.943965733,0,0.330043375,0,1,0,0.150000006,-1,-1,-1,-0.0562499985,-1
216172919552737354,3,2,74,26.8148956,17.917141,-175,-0.666160405,0,0.745808482,0.745808482,0,0.666160405,0,1,0,0.150000006,-1,-1,-1,-0.0562499985,-1
216172919552737355,3,2,75,17.917141,26.8148956,-175,-0.900860488,0,0.434108675,0.434108675,0,0.900860488,0,1,0,0.150000006,-1,-1,-1,-0.0562499985,-1
216172919552737356,3,2,76,6.29166269,31.6303253,-175,-0.998412788,0,0.0563197248,0.0563197248,0,0.998412788,0,1,0,0.150000006,-1,-1,-1,-0.0562499985,-1
216172919552737357,3,2,77,-6.29166269,31.6303253,-175,-0.943965733,0,-0.330043375,-0.330043375,0,0.943965733,0,1,0,0.150000006,-1,-1,-1,-0.0562499985,-1
216172919552737358,3,2,78,-17.917141,26.8148956,-175,-0.745808482,0,-0.666160405,-0.666160405,0,0.745808482,0,1,0,0.150000006,-1,-1,-1,-0.0562499985,-1
216172919552737359,3,2,79,-26.8148956,17.917141,-175,-0.434108675,0,-0.900860488,-0.900860488,0,0.434108675,0,1,0,0.150000006,-1,-1,-1,-0.0562499985,-1
216172919552737360,3,2,80,-31.6303253,6.29166269,-175,-0.0563197248,0,-0.998412788,-0.998412788,0,0.0563197248,0,1,0,0.150000006,-1,-1,-1,-0.0562499985,-1
216172919552737361,3,2,81,-31.1399326,-6.19411755,-105,0.330043375,0,-0.943965733,-0.943965733,0,-0.330043375,0,1,0,0.150000006,-1,-1,-1,-0.0562499985,-1
216172919552737362,3,2,82,-26.3991604,-17.6393547,-105,0.666160405,0,-0.745808482,-0.745808482,0,-0.666160405,0,1,0,0.150000006,-1,-1,-1,-0.0562499985,-1
216172919552737363,3,2,83,-17.6393547,-26.3991604,-105,0.900860488,0,-0.434108675,-0.434108675,0,-0.900860488,0,1,0,0.150000006,-1,-1,-1,-0.0562499985,-1
216172919552737364,3,2,84,-6.19411755,-31.1399326,-105,0.998412788,0,-0.0563197248,-0.0563197248,0,-0.998412788,0,1,0,0.150000006,-1,-1,-1,-0.0562499985,-1
216172919552737365,3,2,85,6.19411755,-31.1399326,-105,0.943965733,0,0.330043375,0.330043375,0,-0.943965733,0,1,0,0.150000006,-1,-1,-1,-0.0562499985,-1
216172919552737366,3,2,86,17.6393547,-26.3991604,-105,0.745808482,0,0.666160405,0.666160405,0,-0.745808482,0,1,0,0.150000006,-1,-1,-1,-0.0562499985,-1
216172919552737367,3,2,87,26.3991604,-17.6393547,-105,0.434108675,0,0.900860488,0.900860488,0,-0.434108675,0,1,0,0.150000006,-1,-1,-1,-0.0562499985,-1
216172919552737368,3,2,88,31.1399326,-6.19411755,-105,0.0563197248,0,0.998412788,0.998412788,0,-0.0563197248,0,1,0,0.150000006,-1,-1,-1,-0.0562499985,-1
216172919552737369,3,2,89,31.1399326,6.19411755,-105,-0.330043375,0,0.943965733,0.943965733,0,0.330043375,0,1,0,0.150000006,-1,-1,-1,-0.0562499985,-1
216172919552737370,3,2,90,26.3991604,17.6393547,-105,-0.666160405,0,0.745808482,0.745808482,0,0.666160405,0,1,0,0.150000006,-1,-1,-1,-0.0562499985,-1
216172919552737371,3,2,91,17.6393547,26.3991604,-105,-0.900860488,0,0.434108675,0.434108675,0,0.900860488,0,1,0,0.150000006,-1,-1,-1,-0.0562499985,-1
216172919552737372,3,2,92,6.19411755,31.1399326,-105,-0.998412788,0,0.0563197248,0.0563197248,0,0.998412788,0,1,0,0.150000006,-1,-1,-1,-0.0562499985,-1
216172919552737373,3,2,93,-6.19411755,31.1399326,-105,-0.943965733,0,-0.330043375,-0.330043375,0,0.943965733,0,1,0,0.150000006,-1,-1,-1,-0.0562499985,-1
216172919552737374,3,2,94,-17.6393547,26.3991604,-105,-0.745808482,0,-0.666160405,-0.666160405,0,0.745808482,0,1,0,0.150000006,-1,-1,-1,-0.0562499985,-1
216172919552737375,3,2,95,-26.3991604,17.6393547,-105,-0.434108675,0,-0.900860488,-0.900860488,0,0.434108675,0,1,0,0.150000006,-1,-1,-1,-0.0562499985,-1
216172919552737376,3,2,96,-31.1399326,6.19411755,-105,-0.0563197248,0,-0.998412788,-0.998412788,0,0.0563197248,0,1,0,0.150000006,-1,-1,-1,-0.0562499985,-1
216172919552737377,3,2,97,-31.6303253,-6.29166269,-35,0.330043375,0,-0.943965733,-0.943965733,0,-0.330043375,0,1,0,0.150000006,-1,-1,-1,-0.0562499985,-1
216172919552737378,3,2,98,-26.8148956,-17.917141,-35,0.666160405,0,-0.745808482,-0.745808482,0,-0.666160405,0,1,0,0.150000006,-1,-1,-1,-0.0562499985,-1
216172919552737379,3,2,99,-17.917141,-26.8148956,-35,0.900860488,0,-0.434108675,-0.434108675,0,-0.900860488,0,1,0,0.150000006,-1,-1,-1,-0.0562499985,-1
216172919552737380,3,2,100,-6.29166269,-31.6303253,-35,0.998412788,0,-0.0563197248,-0.0563197248,0,-0.998412788,0,1,0,0.150000006,-1,-1,-1,-0.0562499985,-1
216172919552737381,3,2,101,6.29166269,-31.6303253,-35,0.943965733,0,0.330043375,0.330043375,0,-0.943965733,0,1,0,0.150000006,-1,-1,-1,-0.0562499985,-1
216172919552737382,3,2,102,17.917141,-26.8148956,-35,0.745808482,0,0.666160405,0.666160405,0,-0.745808482,0,1,0,0.150000006,-1,-1,-1,-0.0562499985,-1
216172919552737383,3,2,103,26.8148956,-17.917141,-35,0.434108675,0,0.900860488,0.900860488,0,-0.434108675,0,1,0,0.150000006,-1,-1,-1,-0.0562499985,-1
216172919552737384,3,2,104,31.6303253,-6.29166269,-35,0.0563197248,0,0.998412788,0.998412788,0,-0.0563197248,0,1,0,0.150000006,-1,-1,-1,-0.0562499985,-1
216172919552737385,3,2,105,31.6303253,6.29166269,-35,-0.330043375,0,0.943965733,0.943965733,0,0.330043375,0,1,0,0.150000006,-1,-1,-1,-0.0562499985,-1
216172919552737386,3,2,106,26.8148956,17.917141,-35,-0.666160405,0,0.745808482,0.745808482,0,0.666160405,0,1,0,0.150000006,-1,-1,-1,-0.0562499985,-1
216172919552737387,3,2,107,17.917141,26.8148956,-35,-0.900860488,0,0.434108675,0.434108675,0,0.900860488,0,1,0,0.150000006,-1,-1,-1,-0.0562499985,-1
216172919552737388,3,2,108,6.29166269,31.6303253,-35,-0.998412788,0,0.0563197248,0.0563197248,0,0.998412788,0,1,0,0.150000006,-1,-1,-1,-0.0562499985,-1
216172919552737389,3,2,109,-6.29166269,31.6303253,-35,-0.943965733,0,-0.330043375,-0.330043375,0,0.943965733,0,1,0,0.150000006,-1,-1,-1,-0.0562499985,-1
216172919552737390,3,2,110,-17.917141,26.8148956,-35,-0.745808482,0,-0.666160405,-0.666160405,0,0.745808482,0,1,0,0.150000006,-1,-1,-1,-0.0562499985,-1
216172919552737391,3,2,111,-26.8148956,17.917141,-35,-0.434108675,0,-0.900860488,-0.900860488,0,0.434108675,0,1,0,0.150000006,-1,-1,-1,-0.0562499985,-1
216172919552737392,3,2,112,-31.6303253,6.29166269,-35,-0.0563197248,0,-0.998412788,-0.998412788,0,0.0563197248,0,1,0,0.150000006,-1,-1,-1,-0.0562499985,-1
216172919552737393,3,2,113,-31.1399326,-6.19411755,35,0.330043375,0,-0.943965733,-0.943965733,0,-0.330043375,0,1,0,0.150000006,-1,-1,-1,-0.0562499985,-1
216172919552737394,3,2,114,-26.3991604,-17.6393547,35,0.666160405,0,-0.745808482,-0.745808482,0,-0.666160405,0,1,0,0.150000006,-1,-1,-1,-0.0562499985,-1
216172919552737395,3,2,115,-17.6393547,-26.3991604,35,0.900860488,0,-0.434108675,-0.434108675,0,-0.900860488,0,1,0,0.150000006,-1,-1,-1,-0.0562499985,-1
216172919552737396,3,2,116,-6.19411755,-31.1399326,35,0.998412788,0,-0.0563197248,-0.0563197248,0,-0.998412788,0,1,0,0.150000006,-1,-1,-1,-0.0562499985,-1
216172919552737397,3,2,117,6.19411755,-31.1399326,35,0.943965733,0,0.330043375,0.330043375,0,-0.943965733,0,1,0,0.150000006,-1,-1,-1,-0.0562499985,-1
216172919552737398,3,2,118,17.6393547,-26.3991604,35,0.745808482,0,0.666160405,0.666160405,0,-0.745808482,0,1,0,0.150000006,-1,-1,-1,-0.0562499985,-1
216172919552737399,3,2,119,26.3991604,-17.6393547,35,0.434108675,0,0.900860488,0.900860488,0,-0.434108675,0,1,0,0.150000006,-1,-1,-1,-0.0562499985,-1
216172919552737400,3,2,120,31.1399326,-6.19411755,35,0.0563197248,0,0.998412788,0.998412788,0,-0.0563197248,0,1,0,0.150000006,-1,-1,-1,-0.0562499985,-1
216172919552737401,3,2,121,31.1399326,6.19411755,35,-0.330043375,0,0.943965733,0.943965733,0,0.330043375,0,1,0,0.150000006,-1,-1,-1,-0.0562499985,-1
216172919552737402,3,2,122,26.3991604,17.6393547,35,-0.666160405,0,0.745808482,0.745808482,0,0.666160405,0,1,0,0.150000006,-1,-1,-1,-0.0562499985,-1
216172919552737403,3,2,123,17.6393547,26.3991604,35,-0.900860488,0,0.434108675,0.434108675,0,0.900860488,0,1,0,0.150000006,-1,-1,-1,-0.0562499985,-1
216172919552737404,3,2,124,6.19411755,31.1399326,35,-0.998412788,0,0.0563197248,0.0563197248,0,0.998412788,0,1,0,0.150000006,-1,-1,-1,-0.0562499985,-1
216172919552737405,3,2,125,-6.19411755,31.1399326,35,-0.943965733,0,-0.330043375,-0.330043375,0,0.943965733,0,1,0,0.150000006,-1,-1,-1,-0.0562499985,-1
216172919552737406,3,2,126,-17.6393547,26.3991604,35,-0.745808482,0,-0.666160405,-0.666160405,0,0.745808482,0,1,0,0.150000006,-1,-1,-1,-0.0562499985,-1
216172919552737407,3,2,127,-26.3991604,17.6393547,35,-0.434108675,0,-0.900860488,-0.900860488,0,0.434108675,0,1,0,0.150000006,-1,-1,-1,-0.0562499985,-1
216172919552737408,3,2,128,-31.1399326,6.19411755,35,-0.0563197248,0,-0.998412788,-0.998412788,0,0.0563197248,0,1,0,0.150000006,-1,-1,-1,-0.0562499985,-1
216172919552737409,3,2,129,-31.6303253,-6.29166269,105,0.330043375,0,-0.943965733,-0.943965733,0,-0.330043375,0,1,0,0.150000006,-1,-1,-1,-0.0562499985,-1
216172919552737410,3,2,130,-26.8148956,-17.917141,105,0.666160405,0,-0.745808482,-0.745808482,0,-0.666160405,0,1,0,0.150000006,-1,-1,-1,-0.0562499985,-1
216172919552737411,3,2,131,-17.917141,-26.8148956,105,0.900860488,0,-0.434108675,-0.434108675,0,-0.900860488,0,1,0,0.150000006,-1,-1,-1,-0.0562499985,-1
216172919552737412,3,2,132,-6.29166269,-31.6303253,105,0.998412788,0,-0.0563197248,-0.0563197248,0,-0.998412788,0,1,0,0.150000006,-1,-1,-1,-0.0562499985,-1
216172919552737413,3,2,133,6.29166269,-31.6303253,105,0.943965733,0,0.330043375,0.330043375,0,-0.943965733,0,1,0,0.150000006,-1,-1,-1,-0.0562499985,-1
216172919552737414,3,2,134,17.917141,-26.8148956,105,0.745808482,0,0.666160405,0.666160405,0,-0.745808482,0,1,0,0.150000006,-1,-1,-1,-0.0562499985,-1
216172919552737415,3,2,135,26.8148956,-17.917141,105,0.434108675,0,0.900860488,0.900860488,0,-0.434108675,0,1,0,0.150000006,-1,-1,-1,-0.0562499985,-1
216172919552737416,3,2,136,31.6303253,-6.29166269,105,0.0563197248,0,0.998412788,0.998412788,0,-0.0563197248,0,1,0,0.150000006,-1,-1,-1,-0.0562499985,-1
216172919552737417,3,2,137,31.6303253,6.29166269,105,-0.330043375,0,0.943965733,0.943965733,0,0.330043375,0,1,0,0.150000006,-1,-1,-1,-0.0562499985,-1
216172919552737418,3,2,138,26.8148956,17.917141,105,-0.666160405,0,0.745808482,0.745808482,0,0.666160405,0,1,0,0.150000006,-1,-1,-1,-0.0562499985,-1
216172919552737419,3,2,139,17.917141,26.8148956,105,-0.900860488,0,0.434108675,0.434108675,0,0.900860488,0,1,0,0.150000006,-1,-1,-1,-0.0562499985,-1
216172919552737420,3,2,140,6.29166269,31.6303253,105,-0.998412788,0,0.0563197248,0.0563197248,0,0.998412788,0,1,0,0.150000006,-1,-1,-1,-0.0562499985,-1
216172919552737421,3,2,141,-6.29166269,31.6303253,105,-0.943965733,0,-0.330043375,-0.330043375,0,0.943965733,0,1,0,0.150000006,-1,-1,-1,-0.0562499985,-1
216172919552737422,3,2,142,-17.917141,26.8148956,105,-0.745808482,0,-0.666160405,-0.666160405,0,0.745808482,0,1,0,0.150000006,-1,-1,-1,-0.0562499985,-1
216172919552737423,3,2,143,-26.8148956,17.917141,105,-0.434108675,0,-0.900860488,-0.900860488,0,0.434108675,0,1,0,0.150000006,-1,-1,-1,-0.0562499985,-1
216172919552737424,3,2,144,-31.6303253,6.29166269,105,-0.0563197248,0,-0.998412788,-0.998412788,0,0.0563197248,0,1,0,0.150000006,-1,-1,-1,-0.0562499985,-1
216172919552737425,3,2,145,-31.1399326,-6.19411755,175,0.330043375,0,-0.943965733,-0.943965733,0,-0.330043375,0,1,0,0.150000006,-1,-1,-1,-0.0562499985,-1
216172919552737426,3,2,146,-26.3991604,-17.6393547,175,0.666160405,0,-0.745808482,-0.745808482,0,-0.666160405,0,1,0,0.150000006,-1,-1,-1,-0.0562499985,-1
216172919552737427,3,2,147,-17.6393547,-26.3991604,175,0.900860488,0,-0.434108675,-0.434108675,0,-0.900860488,0,1,0,0.150000006,-1,-1,-1,-0.0562499985,-1
216172919552737428,3,2,148,-6.19411755,-31.1399326,175,0.998412788,0,-0.0563197248,-0.0563197248,0,-0.998412788,0,1,0,0.150000006,-1,-1,-1,-0.0562499985,-1
216172919552737429,3,2,149,6.19411755,-31.1399326,175,0.943965733,0,0.330043375,0.330043375,0,-0.943965733,0,1,0,0.150000006,-1,-1,-1,-0.0562499985,-1
216172919552737430,3,2,150,17.6393547,-26.3991604,175,0.745808482,0,0.666160405,0.666160405,0,-0.745808482,0,1,0,0.150000006,-1,-1,-1,-0.0562499985,-1
216172919552737431,3,2,151,26.3991604,-17.6393547,175,0.434108675,0,0.900860488,0.900860488,0,-0.434108675,0,1,0,0.150000006,-1,-1,-1,-0.0562499985,-1
216172919552737432,3,2,152,31.1399326,-6.19411755,175,0.0563197248,0,0.998412788,0.998412788,0,-0.0563197248,0,1,0,0.150000006,-1,-1,-1,-0.0562499985,-1
216172919552737433,3,2,153,31.1399326,6.19411755,175,-0.330043375,0,0.943965733,0.943965733,0,0.330043375,0,1,0,0.150000006,-1,-1,-1,-0.0562499985,-1
216172919552737434,3,2,154,26.3991604,17.6393547,175,-0.666160405,0,0.745808482,0.745808482,0,0.666160405,0,1,0,0.150000006,-1,-1,-1,-0.0562499985,-1
216172919552737435,3,2,155,17.6393547,26.3991604,175,-0.900860488,0,0.434108675,0.434108675,0,0.900860488,0,1,0,0.150000006,-1,-1,-1,-0.0562499985,-1
216172919552737436,3,2,156,6.19411755,31.1399326,175,-0.998412788,0,0.0563197248,0.0563197248,0,0.998412788,0,1,0,0.150000006,-1,-1,-1,-0.0562499985,-1
216172919552737437,3,2,157,-6.19411755,31.1399326,175,-0.943965733,0,-0.330043375,-0.330043375,0,0.943965733,0,1,0,0.150000006,-1,-1,-1,-0.0562499985,-1
216172919552737438,3,2,158,-17.6393547,26.3991604,175,-0.745808482,0,-0.666160405,-0.666160405,0,0.745808482,0,1,0,0.150000006,-1,-1,-1,-0.0562499985,-1
216172919552737439,3,2,159,-26.3991604,17.6393547,175,-0.434108675,0,-0.900860488,-0.900860488,0,0.434108675,0,1,0,0.150000006,-1,-1,-1,-0.0562499985,-1
216172919552737440,3,2,160,-31.1399326,6.19411755,175,-0.0563197248,0,-0.998412788,-0.998412788,0,0.0563197248,0,1,0,0.150000006,-1,-1,-1,-0.0562499985,-1
216172919552737441,3,2,161,-31.6303253,-6.29166269,245,0.330043375,0,-0.943965733,-0.943965733,0,-0.330043375,0,1,0,0.150000006,-1,-1,-1,-0.0562499985,-1
216172919552737442,3,2,162,-26.8148956,-17.917141,245,0.666160405,0,-0.745808482,-0.745808482,0,-0.666160405,0,1,0,0.150000006,-1,-1,-1,-0.0562499985,-1
216172919552737443,3,2,163,-17.917141,-26.8148956,245,0.900860488,0,-0.434108675,-0.434108675,0,-0.900860488,0,1,0,0.150000006,-1,-1,-1,-0.0562499985,-1
216172919552737444,3,2,164,-6.29166269,-31.6303253,245,0.998412788,0,-0.0563197248,-0.0563197248,0,-0.998412788,0,1,0,0.150000006,-1,-1,-1,-0.0562499985,-1
216172919552737445,3,2,165,6.29166269,-31.6303253,245,0.943965733,0,0.330043375,0.330043375,0,-0.943965733,0,1,0,0.150000006,-1,-1,-1,-0.0562499985,-1
216172919552737446,3,2,166,17.917141,-26.8148956,245,0.745808482,0,0.666160405,0.666160405,0,-0.745808482,0,1,0,0.150000006,-1,-1,-1,-0.0562499985,-1
216172919552737447,3,2,167,26.8148956,-17.917141,245,0.434108675,0,0.900860488,0.900860488,0,-0.434108675,0,1,0,0.150000006,-1,-1,-1,-0.0562499985,-1
216172919552737448,3,2,168,31.6303253,-6.29166269,245,0.0563197248,0,0.998412788,0.998412788,0,-0.0563197248,0,1,0,0.150000006,-1,-1,-1,-0.0562499985,-1
216172919552737449,3,2,169,31.6303253,6.29166269,245,-0.330043375,0,0.943965733,0.943965733,0,0.330043375,0,1,0,0.150000006,-1,-1,-1,-0.0562499985,-1
216172919552737450,3,2,170,26.8148956,17.917141,245,-0.666160405,0,0.745808482,0.745808482,0,0.666160405,0,1,0,0.150000006,-1,-1,-1,-0.0562499985,-1
216172919552737451,3,2,171,17.917141,26.8148956,245,-0.900860488,0,0.434108675,0.434108675,0,0.900860488,0,1,0,0.150000006,-1,-1,-1,-0.0562499985,-1
216172919552737452,3,2,172,6.29166269,31.6303253,245,-0.998412788,0,0.0563197248,0.0563197248,0,0.998412788,0,1,0,0.150000006,-1,-1,-1,-0.0562499985,-1
216172919552737453,3,2,173,-6.29166269,31.6303253,245,-0.943965733,0,-0.330043375,-0.330043375,0,0.943965733,0,1,0,0.150000006,-1,-1,-1,-0.0562499985,-1
216172919552737454,3,2,174,-17.917141,26.8148956,245,-0.745808482,0,-0.666160405,-0.666160405,0,0.745808482,0,1,0,0.150000006,-1,-1,-1,-0.0562499985,-1
216172919552737455,3,2,175,-26.8148956,17.917141,245,-0.434108675,0,-0.900860488,-0.900860488,0,0.434108675,0,1,0,0.150000006,-1,-1,-1,-0.0562499985,-1
216172919552737456,3,2,176,-31.6303253,6.29166269,245,-0.0563197248,0,-0.998412788,-0.998412788,0,0.0563197248,0,1,0,0.150000006,-1,-1,-1,-0.0562499985,-1
216172919552737457,3,2,177,-31.1399326,-6.19411755,315,0.330043375,0,-0.943965733,-0.943965733,0,-0.330043375,0,1,0,0.150000006,-1,-1,-1,-0.0562499985,-1
216172919552737458,3,2,178,-26.3991604,-17.6393547,315,0.666160405,0,-0.745808482,-0.745808482,0,-0.666160405,0,1,0,0.150000006,-1,-1,-1,-0.0562499985,-1
216172919552737459,3,2,179,-17.6393547,-26.3991604,315,0.900860488,0,-0.434108675,-0.434108675,0,-0.900860488,0,1,0,0.150000006,-1,-1,-1,-0.0562499985,-1
216172919552737460,3,2,180,-6.19411755,-31.1399326,315,0.998412788,0,-0.0563197248,-0.0563197248,0,-0.998412788,0,1,0,0.150000006,-1,-1,-1,-0.0562499985,-1
216172919552737461,3,2,181,6.19411755,-31.1399326,315,0.943965733,0,0.330043375,0.330043375,0,-0.943965733,0,1,0,0.150000006,-1,-1,-1,-0.0562499985,-1
216172919552737462,3,2,182,17.6393547,-26.3991604,315,0.745808482,0,0.666160405,0.666160405,0,-0.745808482,0,1,0,0.150000006,-1,-1,-1,-0.0562499985,-1
216172919552737463,3,2,183,26.3991604,-17.6393547,315,0.434108675,0,0.900860488,0.900860488,0,-0.434108675,0,1,0,0.150000006,-1,-1,-1,-0.0562499985,-1
216172919552737464,3,2,184,31.1399326,-6.19411755,315,0.0563197248,0,0.998412788,0.998412788,0,-0.0563197248,0,1,0,0.150000006,-1,-1,-1,-0.0562499985,-1
216172919552737465,3,2,185,31.1399326,6.19411755,315,-0.330043375,0,0.943965733,0.943965733,0,0.330043375,0,1,0,0.150000006,-1,-1,-1,-0.0562499985,-1
216172919552737466,3,2,186,26.3991604,17.6393547,315,-0.666160405,0,0.745808482,0.745808482,0,0.666160405,0,1,0,0.150000006,-1,-1,-1,-0.0562499985,-1
216172919552737467,3,2,187,17.6393547,26.3991604,315,-0.900860488,0,0.434108675,0.434108675,0,0.900860488,0,1,0,0.150000006,-1,-1,-1,-0.0562499985,-1
216172919552737468,3,2,188,6.19411755,31.1399326,315,-0.998412788,0,0.0563197248,0.0563197248,0,0.998412788,0,1,0,0.150000006,-1,-1,-1,-0.0562499985,-1
216172919552737469,3,2,189,-6.19411755,31.1399326,315,-0.943965733,0,-0.330043375,-0.330043375,0,0.943965733,0,1,0,0.150000006,-1,-1,-1,-0.0562499985,-1
216172919552737470,3,2,190,-17.6393547,26.3991604,315,-0.745808482,0,-0.666160405,-0.666160405,0,0.745808482,0,1,0,0.150000006,-1,-1,-1,-0.0562499985,-1
216172919552737471,3,2,191,-26.3991604,17.6393547,315,-0.434108675,0,-0.900860488,-0.900860488,0,0.434108675,0,1,0,0.150000006,-1,-1,-1,-0.0562499985,-1
216172919552737472,3,2,192,-31.1399326,6.19411755,315,-0.0563197248,0,-0.998412788,-0.998412788,0,0.0563197248,0,1,0,0.150000006,-1,-1,-1,-0.0562499985,-1
216172919552737473,3,2,193,-31.6303253,-6.29166269,385,0.330043375,0,-0.943965733,-0.943965733,0,-0.330043375,0,1,0,0.150000006,-1,-1,-1,-0.0562499985,-1
216172919552737474,3,2,194,-26.8148956,-17.917141,385,0.666160405,0,-0.745808482,-0.745808482,0,-0.666160405,0,1,0,0.150000006,-1,-1,-1,-0.0562499985,-1
216172919552737475,3,2,195,-17.917141,-26.8148956,385,0.900860488,0,-0.434108675,-0.434108675,0,-0.900860488,0,1,0,0.150000006,-1,-1,-1,-0.0562499985,-1
216172919552737476,3,2,196,-6.29166269,-31.6303253,385,0.998412788,0,-0.0563197248,-0.0563197248,0,-0.998412788,0,1,0,0.150000006,-1,-1,-1,-0.0562499985,-1
216172919552737477,3,2,197,6.29166269,-31.6303253,385,0.943965733,0,0.330043375,0.330043375,0,-0.943965733,0,1,0,0.150000006,-1,-1,-1,-0.0562499985,-1
216172919552737478,3,2,198,17.917141,-26.8148956,385,0.745808482,0,0.666160405,0.666160405,0,-0.745808482,0,1,0,0.150000006,-1,-1,-1,-0.0562499985,-1
216172919552737479,3,2,199,26.8148956,-17.917141,385,0.434108675,0,0.900860488,0.900860488,0,-0.434108675,0,1,0,0.150000006,-1,-1,-1,-0.0562499985,-1
216172919552737480,3,2,200,31.6303253,-6.29166269,385,0.0563197248,0,0.998412788,0.998412788,0,-0.0563197248,0,1,0,0.150000006,-1,-1,-1,-0.0562499985,-1
216172919552737481,3,2,201,31.6303253,6.29166269,385,-0.330043375,0,0.943965733,0.943965733,0,0.330043375,0,1,0,0.150000006,-1,-1,-1,-0.0562499985,-1
216172919552737482,3,2,202,26.8148956,17.917141,385,-0.666160405,0,0.745808482,0.745808482,0,0.666160405,0,1,0,0.150000006,-1,-1,-1,-0.0562499985,-1
216172919552737483,3,2,203,17.917141,26.8148956,385,-0.900860488,0,0.434108675,0.434108675,0,0.900860488,0,1,0,0.150000006,-1,-1,-1,-0.0562499985,-1
216172919552737484,3,2,204,6.29166269,31.6303253,385,-0.998412788,0,0.0563197248,0.0563197248,0,0.998412788,0,1,0,0.150000006,-1,-1,-1,-0.0562499985,-1
216172919552737485,3,2,205,-6.29166269,31.6303253,385,-0.943965733,0,-0.330043375,-0.330043375,0,0.943965733,0,1,0,0.150000006,-1,-1,-1,-0.0562499985,-1
216172919552737486,3,2,206,-17.917141,26.8148956,385,-0.745808482,0,-0.666160405,-0.666160405,0,0.745808482,0,1,0,0.150000006,-1,-1,-1,-0.0562499985,-1
216172919552737487,3,2,207,-26.8148956,17.917141,385,-0.434108675,0,-0.900860488,-0.900860488,0,0.434108675,0,1,0,0.150000006,-1,-1,-1,-0.0562499985,-1
216172919552737488,3,2,208,-31.6303253,6.29166269,385,-0.0563197248,0,-0.998412788,-0.998412788,0,0.0563197248,0,1,0,0.150000006,-1,-1,-1,-0.0562499985,-1
216172919552737489,3,2,209,-31.1399326,-6.19411755,455,0.330043375,0,-0.943965733,-0.943965733,0,-0.330043375,0,1,0,0.150000006,-1,-1,-1,-0.0562499985,-1
216172919552737490,3,2,210,-26.3991604,-17.6393547,455,0.666160405,0,-0.745808482,-0.745808482,0,-0.666160405,0,1,0,0.150000006,-1,-1,-1,-0.0562499985,-1
216172919552737491,3,2,211,-17.6393547,-26.3991604,455,0.900860488,0,-0.434108675,-0.434108675,0,-0.900860488,0,1,0,0.150000006,-1,-1,-1,-0.0562499985,-1
216172919552737492,3,2,212,-6.19411755,-31.1399326,455,0.998412788,0,-0.0563197248,-0.0563197248,0,-0.998412788,0,1,0,0.150000006,-1,-1,-1,-0.0562499985,-1
216172919552737493,3,2,213,6.19411755,-31.1399326,455,0.943965733,0,0.330043375,0.330043375,0,-0.943965733,0,1,0,0.150000006,-1,-1,-1,-0.0562499985,-1
216172919552737494,3,2,214,17.6393547,-26.3991604,455,0.745808482,0,0.666160405,0.666160405,0,-0.745808482,0,1,0,0.150000006,-1,-1,-1,-0.0562499985,-1
216172919552737495,3,2,215,26.3991604,-17.6393547,455,0.434108675,0,0.900860488,0.900860488,0,-0.434108675,0,1,0,0.150000006,-1,-1,-1,-0.0562499985,-1
216172919552737496,3,2,216,31.1399326,-6.19411755,455,0.0563197248,0,0.998412788,0.998412788,0,-0.0563197248,0,1,0,0.150000006,-1,-1,-1,-0.0562499985,-1
216172919552737497,3,2,217,31.1399326,6.19411755,455,-0.330043375,0,0.943965733,0.943965733,0,0.330043375,0,1,0,0.150000006,-1,-1,-1,-0.0562499985,-1
216172919552737498,3,2,218,26.3991604,17.6393547,455,-0.666160405,0,0.745808482,0.745808482,0,0.666160405,0,1,0,0.150000006,-1,-1,-1,-0.0562499985,-1
216172919552737499,3,2,219,17.6393547,26.3991604,455,-0.900860488,0,0.434108675,0.434108675,0,0.900860488,0,1,0,0.150000006,-1,-1,-1,-0.0562499985,-1
216172919552737500,3,2,220,6.19411755,31.1399326,455,-0.998412788,0,0.0563197248,0.0563197248,0,0.998412788,0,1,0,0.150000006,-1,-1,-1,-0.0562499985,-1
216172919552737501,3,2,221,-6.19411755,31.1399326,455,-0.943965733,0,-0.330043375,-0.330043375,0,0.943965733,0,1,0,0.150000006,-1,-1,-1,-0.0562499985,-1
216172919552737502,3,2,222,-17.6393547,26.3991604,455,-0.745808482,0,-0.666160405,-0.666160405,0,0.745808482,0,1,0,0.150000006,-1,-1,-1,-0.0562499985,-1
216172919552737503,3,2,223,-26.3991604,17.6393547,455,-0.434108675,0,-0.900860488,-0.900860488,0,0.434108675,0,1,0,0.150000006,-1,-1,-1,-0.0562499985,-1
216172919552737504,3,2,224,-31.1399326,6.19411755,455,-0.0563197248,0,-0.998412788,-0.998412788,0,0.0563197248,0,1,0,0.150000006,-1,-1,-1,-0.0562499985,-1
216173056991690753,3,4,1,-71.9020996,-7.08173847,-455,0.23592931,0,-0.971770227,-0.971770227,0,-0.23592931,0,1,0,0.150000006,-1,-1,-1,-0.0562499985,-1
216173056991690754,3,4,2,-69.1389389,-20.9730682,-455,0.420978963,0,-0.907070398,-0.907070398,0,-0.420978963,0,1,0,0.150000006,-1,-1,-1,-0.0562499985,-1
216173056991690755,3,4,3,-63.718811,-34.0584145,-455,0.589850605,0,-0.807512403,-0.807512403,0,-0.589850605,0,1,0,0.150000006,-1,-1,-1,-0.0562499985,-1
216173056991690756,3,4,4,-55.8500061,-45.8349152,-455,0.736054659,0,-0.676922083,-0.676922083,0,-0.736054659,0,1,0,0.150000006,-1,-1,-1,-0.0562499985,-1
216173056991690757,3,4,5,-45.8349152,-55.8500061,-455,0.853972554,0,-0.520318091,-0.520318091,0,-0.853972554,0,1,0,0.150000006,-1,-1,-1,-0.0562499985,-1
216173056991690758,3,4,6,-34.0584145,-63.718811,-455,0.939072728,0,-0.343718559,-0.343718559,0,-0.939072728,0,1,0,0.150000006,-1,-1,-1,-0.0562499985,-1
216173056991690759,3,4,7,-20.9730682,-69.1389389,-455,0.988084853,0,-0.1539101,-0.1539101,0,-0.988084853,0,1,0,0.150000006,-1,-1,-1,-0.0562499985,-1
216173056991690760,3,4,8,-7.08173847,-71.9020996,-455,0.999125481,0,0.0418130346,0.0418130346,0,-0.999125481,0,1,0,0.150000006,-1,-1,-1,-0.0562499985,-1
216173056991690761,3,4,9,7.08173847,-71.9020996,-455,0.971770227,0,0.23592931,0.23592931,0,-0.971770227,0,1,0,0.150000006,-1,-1,-1,-0.0562499985,-1
216173056991690762,3,4,10,20.9730682,-69.1389389,-455,0.907070398,0,0.420978963,0.420978963,0,-0.907070398,0,1,0,0.150000006,-1,-1,-1,-0.0562499985,-1
216173056991690763,3,4,11,34.0584145,-63.718811,-455,0.807512403,0,0.589850605,0.589850605,0,-0.807512403,0,1,0,0.150000006,-1,-1,-1,-0.0562499985,-1
216173056991690764,3,4,12,45.8349152,-55.8500061,-455,0.676922083,0,0.736054659,0.736054659,0,-0.676922083,0,1,0,0.150000006,-1,-1,-1,-0.0562499985,-1
216173056991690765,3,4,13,55.8500061,-45.8349152,-455,0.520318091,0,0.853972554,0.853972554,0,-0.520318091,0,1,0,0.150000006,-1,-1,-1,-0.0562499985,-1
216173056991690766,3,4,14,63.718811,-34.0584145,-455,0.343718559,0,0.939072728,0.939072728,0,-0.343718559,0,1,0,0.150000006,-1,-1,-1,-0.0562499985,-1
216173056991690767,3,4,15,69.1389389,-20.9730682,-455,0.1539101,0,0.988084853,0.988084853,0,-0.1539101,0,1,0,0.150000006,-1,-1,-1,-0.0562499985,-1
216173056991690768,3,4,16,71.9020996,-7.08173847,-455,-0.0418130346,0,0.999125481,0.999125481,0,0.0418130346,0,1,0,0.150000006,-1,-1,-1,-0.0562499985,-1
216173056991690769,3,4,17,71.9020996,7.08173847,-455,-0.23592931,0,0.971770227,0.971770227,0,0.23592931,0,1,0,0.150000006,-1,-1,-1,-0.0562499985,-1
216173056991690770,3,4,18,69.1389389,20.9730682,-455,-0.420978963,0,0.907070398,0.907070398,0,0.420978963,0,1,0,0.150000006,-1,-1,-1,-0.0562499985,-1
216173056991690771,3,4,19,63.718811,34.0584145,-455,-0.589850605,0,0.807512403,0.807512403,0,0.589850605,0,1,0,0.150000006,-1,-1,-1,-0.0562499985,-1
216173056991690772,3,4,20,55.8500061,45.8349152,-455,-0.736054659,0,0.676922083,0.676922083,0,0.736054659,0,1,0,0.150000006,-1,-1,-1,-0.0562499985,-1
216173056991690773,3,4,21,45.8349152,55.8500061,-455,-0.853972554,0,0.520318091,0.520318091,0,0.853972554,0,1,0,0.150000006,-1,-1,-1,-0.0562499985,-1
216173056991690774,3,4,22,34.0584145,63.718811,-455,-0.939072728,0,0.343718559,0.343718559,0,0.939072728,0,1,0,0.150000006,-1,-1,-1,-0.0562499985,-1
216173056991690775,3,4,23,20.9730682,69.1389389,-455,-0.988084853,0,0.1539101,0.1539101,0,0.988084853,0,1,0,0.150000006,-1,-1,-1,-0.0562499985,-1
216173056991690776,3,4,24,7.08173847,71.9020996,-455,-0.999125481,0,-0.0418130346,-0.0418130346,0,0.999125481,0,1,0,0.150000006,-1,-1,-1,-0.0562499985,-1
216173056991690777,3,4,25,-7.08173847,71.9020996,-455,-0.971770227,0,-0.23592931,-0.23592931,0,0.971770227,0,1,0,0.150000006,-1,-1,-1,-0.0562499985,-1
216173056991690778,3,4,26,-20.9730682,69.1389389,-455,-0.907070398,0,-0.420978963,-0.420978963,0,0.907070398,0,1,0,0.150000006,-1,-1,-1,-0.0562499985,-1
216173056991690779,3,4,27,-34.0584145,63.718811,-455,-0.807512403,0,-0.589850605,-0.589850605,0,0.807512403,0,1,0,0.150000006,-1,-1,-1,-0.0562499985,-1
216173056991690780,3,4,28,-45.8349152,55.8500061,-455,-0.676922083,0,-0.736054659,-0.736054659,0,0.676922083,0,1,0,0.150000006,-1,-1,-1,-0.0562499985,-1
216173056991690781,3,4,29,-55.8500061,45.8349152,-455,-0.520318091,0,-0.853972554,-0.853972554,0,0.520318091,0,1,0,0.150000006,-1,-1,-1,-0.0562499985,-1
216173056991690782,3,4,30,-63.718811,34.0584145,-455,-0.343718559,0,-0.939072728,-0.939072728,0,0.343718559,0,1,0,0.150000006,-1,-1,-1,-0.0562499985,-1
216173056991690783,3,4,31,-69.1389389,20.9730682,-455,-0.1539101,0,-0.988084853,-0.988084853,0,0.1539101,0,1,0,0.150000006,-1,-1,-1,-0.0562499985,-1
216173056991690784,3,4,32,-71.9020996,7.08173847,-455,0.0418130346,0,-0.999125481,-0.999125481,0,-0.0418130346,0,1,0,0.150000006,-1,-1,-1,-0.0562499985,-1
216173056991690785,3,4,33,-71.4045029,-7.03272963,-385,0.23592931,0,-0.971770227,-0.971770227,0,-0.23592931,0,1,0,0.150000006,-1,-1,-1,-0.0562499985,-1
216173056991690786,3,4,34,-68.6604691,-20.8279247,-385,0.420978963,0,-0.907070398,-0.907070398,0,-0.420978963,0,1,0,0.150000006,-1,-1,-1,-0.0562499985,-1
216173056991690787,3,4,35,-63.2778511,-33.8227158,-385,0.589850605,0,-0.807512403,-0.807512403,0,-0.589850605,0,1,0,0.150000006,-1,-1,-1,-0.0562499985,-1
216173056991690788,3,4,36,-55.463501,-45.5177193,-385,0.736054659,0,-0.676922083,-0.676922083,0,-0.736054659,0,1,0,0.150000006,-1,-1,-1,-0.0562499985,-1
216173056991690789,3,4,37,-45.5177193,-55.463501,-385,0.853972554,0,-0.520318091,-0.520318091,0,-0.853972554,0,1,0,0.150000006,-1,-1,-1,-0.0562499985,-1
